0000000000000
0054444444500
0550000000550
0000000000000
0550000000550
0054444444500
0000000000000

0000000000000
0050000000500
0550000000550
0000000000000
0550000000550
0050000000500
0000000000000

5550000000555
5000000000005
5050000000505
0050000000500
5050000000505
5000000000005
5550000000555

5550000000555
5500000000055
5000001000005
0000000000000
5000001000005
5500000000055
5550000000555

0000000000000
0044444444400
0000000000000
0044440444400
0000000000000
0044444444400
0000000000000

0000000000000
0040404040400
0000000000400
0040400040400
0000000000400
0040404040400
0000000000000

0000000000000
0044404040400
0040000000000
0040400040400
0040000000000
0044444444400
0000000000000

0000000000000
0000000000000
0004444444000
0001000001000
0004444444000
0000000000000
0000000000000

0000000000000
0054440444500
0050000000500
0050000000500
0050000000500
0054440444500
0000000000000

0000000000000
0444444444440
0400000000040
0400100010040
0400000000040
0444400044440
0000000000000

0000000000000
0444000004440
0400005000040
0000050500000
0400004000040
0444000004440
0000000000000