5,3 7,3 3
0,0 0,6 12,0 12,6 1
7,4 5,4 7,3 5,3 1,3,3,1
8,4 6,5 6,4 4,5 3,3,1,1
7,4 5,4 7,3 5,3 3
5,3 7,3 4
7,4 5,4 7,3 5,3 3,3,3,4
5,3 7,3 2
7,4 5,4 7,3 5,3 5,5,6,6
5,3 7,3 6
7,4 5,4 7,3 5,3 4,4,5,6
5,3 7,3 5,6
7,4 5,4 7,3 5,3 6,4 6,3 3
5,3 7,3 7
7,4 5,4 7,3 5,3 5
5,3 7,3 7
0,0 0,6 12,0 12,6 5
0,0 0,6 12,0 12,6 5
7,4 5,4 7,3 5,3 5
6,3 6,4 6,5 7,5,5
1,1 2,1 10,6 11,6 7,4,7,4
1,6 2,6 10,0 11,0 7,5,7,8
2,2 3,3 9,6 10,6 8
5,5 6,6 7,6 5,6 7,5 8
7,4 5,4 7,3 5,3 6,4 6,3 9,4,4,4,9,4
5,5 6,6 7,6 5,6 7,5 9
7,4 5,4 7,3 5,3 9
5,5 6,6 7,6 5,6 7,5 9